10 2.0  !2 rates, standard deviation in hr 
   0.713E-02   0.139E-02   0.151E+03   0.249E+03   0.485E+00  172
   0.000E+00   0.000E+00   0.000E+00   0.000E+00   0.100E+03    0
   0.136E+00   0.000E+00   0.681E+03   0.000E+00   0.651E+03   31
   0.000E+00   0.000E+00   0.000E+00   0.000E+00   0.100E+03    0
   0.149E-01   0.209E-02   0.102E+03   0.195E+03   0.582E+00   59
   0.000E+00   0.000E+00   0.000E+00   0.000E+00   0.100E+03    0
   0.235E+00   0.000E+00   0.685E+03   0.000E+00   0.651E+03   38
   0.430E-02   0.137E-02   0.126E+03   0.228E+03   0.425E+00   65
   0.103E-05   0.144E-04   0.423E+04   0.894E+04   0.538E+00  173
   0.000E+00   0.000E+00   0.000E+00   0.000E+00   0.100E+03    0
   0.000E+00   0.000E+00   0.000E+00   0.000E+00   0.100E+03    0
   0.220E-03   0.639E-04   0.486E+04   0.307E+05   0.734E+00  187
   0.000E+00   0.000E+00   0.000E+00   0.000E+00   0.100E+03    0
   0.000E+00   0.000E+00   0.000E+00   0.000E+00   0.100E+03    0
   0.000E+00   0.000E+00   0.000E+00   0.000E+00   0.100E+03    0
   0.000E+00   0.000E+00   0.000E+00   0.000E+00   0.100E+03    0
   0.000E+00   0.000E+00   0.000E+00   0.000E+00   0.100E+03    0
   0.645E-03   0.186E-03   0.592E+04   0.334E+05   0.145E+01  258
   0.000E+00   0.000E+00   0.000E+00   0.000E+00   0.100E+03    0
   0.655E+02   0.163E+01   0.898E+01   0.138E+04   0.653E+03   33
   0.427E-03   0.814E-04   0.254E+04   0.909E+04   0.562E+00  208
   0.111E-02   0.220E-03   0.259E+04   0.819E+04   0.609E+00  273
   0.384E-03   0.140E-03   0.358E+04   0.141E+05   0.526E+00  268
   0.171E+03   0.425E+01   0.898E+01   0.138E+04   0.653E+03   33
   0.000E+00   0.000E+00   0.000E+00   0.000E+00   0.100E+03    0
   0.253E+02   0.629E+00   0.898E+01   0.138E+04   0.653E+03   33
   0.552E+03   0.137E+02   0.900E+01   0.138E+04   0.653E+03   37
   0.227E+03   0.565E+01   0.898E+01   0.138E+04   0.653E+03   33
   0.000E+00   0.000E+00   0.000E+00   0.000E+00   0.100E+03    0
   0.000E+00   0.000E+00   0.000E+00   0.000E+00   0.100E+03    0
   0.000E+00   0.000E+00   0.000E+00   0.000E+00   0.100E+03    0
   0.000E+00   0.000E+00   0.000E+00   0.000E+00   0.100E+03    0
   0.852E-03   0.102E-03   0.707E+04   0.418E+05   0.211E+01  337
   0.744E-03   0.120E-03   0.396E+04   0.140E+05   0.115E+01  313
   0.123E-01   0.170E-02   0.270E+03   0.154E+04   0.148E+01  431
   0.634E-03   0.128E-03   0.306E+04   0.829E+04   0.643E+00  318
   0.354E-04   0.274E-04   0.365E+04   0.194E+05   0.590E+00  668
   0.000E+00   0.000E+00   0.000E+00   0.000E+00   0.100E+03    0
   0.237E-04   0.632E-04   0.691E+04   0.210E+05   0.832E+00  668
   0.268E-03   0.538E-04   0.372E+04   0.193E+05   0.665E+00  281
   0.128E-03   0.392E-04   0.330E+04   0.152E+05   0.352E+00  278
   0.472E-04   0.906E-05   0.416E+04   0.186E+05   0.494E+00  455
   0.105E+02   0.525E-01   0.143E+03   0.461E+05   0.654E+03   32
   0.617E-03   0.822E-04   0.605E+04   0.434E+05   0.211E+01  402
   0.000E+00   0.000E+00   0.000E+00   0.000E+00   0.100E+03    0
   0.793E-03   0.128E-03   0.212E+04   0.109E+05   0.867E+00  420
   0.356E-03   0.509E-04   0.672E+04   0.360E+05   0.296E+01  421
   0.188E-02   0.502E-03   0.216E+04   0.841E+04   0.793E+00  610
   0.139E-02   0.833E-03   0.193E+03   0.490E+03   0.370E+00  311
   0.414E-03   0.133E-03   0.975E+03   0.463E+04   0.336E+00  310
   0.347E-03   0.543E-04   0.799E+04   0.367E+05   0.133E+01  475
   0.198E-03   0.608E-04   0.195E+04   0.585E+04   0.312E+00  675
   0.449E+01   0.225E-01   0.143E+03   0.461E+05   0.654E+03   32
   0.220E-02   0.422E-03   0.289E+04   0.196E+05   0.140E+01  435
   0.000E+00   0.000E+00   0.000E+00   0.000E+00   0.100E+03    0
   0.685E-03   0.970E-04   0.262E+04   0.113E+05   0.717E+00  435
   0.488E-03   0.409E-04   0.121E+05   0.834E+05   0.380E+01  460
   0.000E+00   0.000E+00   0.000E+00   0.000E+00   0.100E+03    0
   0.393E-01   0.802E-02   0.161E+03   0.653E+03   0.224E+01  474
   0.438E-02   0.617E-03   0.343E+03   0.117E+04   0.448E+00  411
   0.107E-02   0.109E-03   0.597E+03   0.274E+04   0.781E+00  647
   0.000E+00   0.000E+00   0.000E+00   0.000E+00   0.100E+03    0
   0.000E+00   0.000E+00   0.000E+00   0.000E+00   0.100E+03    0
   0.000E+00   0.000E+00   0.000E+00   0.000E+00   0.100E+03    0
   0.214E-02   0.289E-03   0.119E+05   0.862E+05   0.419E+01  493
   0.603E-03   0.741E-04   0.156E+05   0.134E+06   0.438E+01  492
   0.102E+02   0.511E-01   0.143E+03   0.461E+05   0.654E+03   32
   0.000E+00   0.000E+00   0.000E+00   0.000E+00   0.100E+03    0
   0.000E+00   0.000E+00   0.000E+00   0.000E+00   0.100E+03    0
   0.160E-03   0.554E-05   0.131E+04   0.397E+04   0.337E+00  641
   0.223E-02   0.385E-03   0.428E+03   0.143E+04   0.805E+00  486
   0.974E-05   0.781E-06   0.764E+03   0.186E+04   0.435E+00  490
   0.000E+00   0.000E+00   0.000E+00   0.000E+00   0.100E+03    0
   0.183E-02   0.237E-03   0.697E+03   0.118E+04   0.133E+01  661
   0.421E-03   0.153E-03   0.297E+04   0.116E+05   0.434E+00  515
   0.149E-01   0.744E-03   0.826E+03   0.611E+04   0.421E+01  631
   0.546E+02   0.265E-01   0.849E+01   0.408E+03   0.655E+03   28
   0.695E-01   0.325E-02   0.652E+02   0.205E+03   0.450E+01  631
   0.748E-02   0.871E-03   0.372E+04   0.217E+05   0.280E+01  632
   0.593E-03   0.487E-04   0.280E+05   0.342E+06   0.463E+01  536
   0.127E-02   0.237E-03   0.279E+04   0.131E+05   0.129E+01  537
   0.206E-02   0.472E-03   0.337E+04   0.153E+05   0.671E+00  524
   0.000E+00   0.000E+00   0.000E+00   0.000E+00   0.100E+03    0
   0.000E+00   0.000E+00   0.000E+00   0.000E+00   0.100E+03    0
   0.425E-02   0.402E-03   0.124E+05   0.105E+06   0.567E+01  545
   0.000E+00   0.000E+00   0.000E+00   0.000E+00   0.100E+03    0
   0.000E+00   0.000E+00   0.000E+00   0.000E+00   0.100E+03    0
   0.213E+02   0.102E-01   0.788E+01   0.408E+03   0.655E+03   27
   0.127E+01   0.701E-03   0.112E+03   0.221E+05   0.656E+03   22
   0.000E+00   0.000E+00   0.000E+00   0.000E+00   0.100E+03    0
   0.000E+00   0.000E+00   0.000E+00   0.000E+00   0.100E+03    0
   0.338E-02   0.188E-03   0.984E+04   0.111E+06   0.607E+01  623
   0.477E+01   0.264E-02   0.112E+03   0.221E+05   0.656E+03   22
   0.245E-03   0.438E-04   0.273E+04   0.117E+05   0.462E+00  560
   0.326E-02   0.543E-04   0.428E+04   0.116E+06   0.661E+01  626
   0.304E-02   0.185E-03   0.291E+04   0.197E+05   0.702E+01  624
   0.000E+00   0.000E+00   0.000E+00   0.000E+00   0.100E+03    0
   0.000E+00   0.000E+00   0.000E+00   0.000E+00   0.100E+03    0
   0.000E+00   0.000E+00   0.000E+00   0.000E+00   0.100E+03    0
   0.523E+01   0.410E-01   0.258E+03   0.938E+05   0.656E+03   73
   0.471E+01   0.362E-01   0.267E+03   0.938E+05   0.657E+03  636
